# box statistics from https://www.reddit.com/r/Overwatch/comments/5lvmhq/1000_lootboxes/dc10ot3/
# 1= common, 2=rare, 3=epic, 4=legendary, 5=rare coin, 6=epic coin, 7=leg coin

boxes 100-1
5132
1121
1121
5121
2121
2151
2131
2121
2121
1121
2151
2131
2131
2151
1121
1121
2161
1121
2121
3141
2131
2151
1121
1121
2121
1121
2151
2141
6232
1121
1121
5121
1121
1121
1121
6131
5141
2121
1121
2131
2152
2122
1141
1121
2161
5121
1121
2132
1121
1121
2171
1121
1121
1121
2151
1121
2161
2132
5121
1121
2131
5132
2141
1121
2121
2121
2161
2151
1131
1121
2131
1121
2121
6142
5132
1131
1121
1121
1121
2161
1121
2135
1121
1121
2161
5121
1121
3141
2131
1121
5121
2141
2141
1121
2161
1121
1121
2131
1121
1121

boxes 200-101
1121
2171
1131
2151
1121
2162
2122
1121
2131
1121
2152
1121
2141
1121
2161
1121
2132
2151
1121
1121
1121
1121
2131
2121
6142
2532
1121
1121
1121
1121
2161
1121
1121
2131
3142
1121
2161
5122
1121
2121
1121
1121
1121
2151
2131
1121
2171
2131
2161
1121
2151
1121
2131
2131
2121
2121
2141
1121
2151
2161
1121
1121
2131
2131
2142
1121
1121
2151
1121
1121
1121
1131
2161
2151
2121
2121
2121
2121
2161
5121
2131
1121
1121
1121
1121
2151
2141
2161
1121
5121
2131
2131
1121
2161
2161
1121
1141
2121
1121
7141


boxes (300-201)
1121
1142
1121
3171
5121
1121
2121
1121
1121
1121
1121
1135
6142
1121
1121
1121
1121
1121
1121
1121
2131
1121
2151
1121
3162
1121
1121
5121
1121
2121
1121
2161
2151
1131
4141
1121
1121
1121
2162
1121
5121
1121
1131
1121
1121
1121
2151
1121
1121
2161
2135
2132
1121
1121
1121
6141
2151
2121
2172
2131
2252
1121
2161
1121
2151
1121
1121
1131
1121
2151
1121
1121
6141
2235
1121
2121
1121
1121
1121
2131
2151
1121
1121
2151
1121
2161
1121
1121
2131
1121
1121
5141
2131
1121
1121
2151
2131
1121
2151
1121


boxes 400-301
2121
1121
2131
2162
1121
5131
2121
1141
1121
2131
2121
1121
2151
2161
1121
1121
2151
2121
3141
1121
1121
2151
1121
2161
1121
2121
2141
1121
2131
2162
5141
1121
1121
1121
2151
2121
2131
1121
2151
1121
1121
2161
1121
1121
5132
1121
1121
1121
6132
1141
5122
1121
1121
1121
2151
2161
1121
2131
1121
1121
5121
1121
1121
2142
2151
2131
2161
1121
1121
2152
2171
2131
2161
1121
2135
1121
1121
1121
5132
1121
1121
2131
2131
2151
2161
1121
1121
5142
2121
1131
6142
2131
2152
1121
2121
2131
1231
1121
5121

boxes 500-401
2135
2121
1121
1121
1121
2131
1121
2161
5132
1121
1121
1121
1121
2151
1141
1121
1131
2161
1121
1121
2151
1121
2122
2171
3135
1121
1121
3162
5142
1131
2141
2141
5121
2161
1121
1121
2151
2131
1121
1121
2162
2132
2121
1121
2151
1121
6142
1121
2131
1121
1121
3142
5121
1121
1121
2135
1121
1121
6142
2131
1121
5132
1121
1121
1121
1121
5131
1121
2131
2161
1121
2131
5121
1121
1121
3141
1121
1121
1121
1121
2151
1121
2162
2131
3272
1121
1121
2151
1121
1121
1121
1121
1121
1131
5121
6131
1121
2141
1121
2151

boxes 501-600
1121
1121
2121
2161
1121
1121
1131
1121
5121
2142
2131
4143
1121
1121
2141
5121
2161
1121
2131
1121
1121
1121
5131
1121
1121
1121
1131
2161
2151
1121
1121
1121
1121
5132
2162
1121
2131
1121
5232
2141
1121
1121
2121
2171
3245
2161
5132
2131
1121
1121
2132
2152
1121
1121
1121
5121
1121
3142
2161
5232
2121
1121
2141
1121
2121
1121
2532
2161
2131
1121
2171
2151
1121
6131
1121
1121
1121
1121
5132
1121
6142
1121
3132
1121
5121
1121
2161
2125
1121
2121
3141
2122
1121
1121
2161
5121
1121
1121
1121

boxes 672-601
1121
1121
2131
1121
2161
2151
2131
1121
2132
1121
2151
2141
1121
2161
1121
1121
1121
2135
1121
1121
1121
1121
5121
1121
2161
2131
5132
2121
1121
1121
1121
2145
1121
2161
2131
1121
1121
5132
1121
1121
1121
2161
1121
2121
1121
5131
1121
1121
2131
2161
3141
1121
2171
5121
1121
1121
1121
1121
1121
6132
5121
2141
2121
1121
2131
2161
2121
2151
2131
1141
2121











































